a280.tsp: 280 0
ali535.tsp: 535 0
att48.tsp: 48 131.468627436358
att532.tsp: 532 3.16227766016838
berlin52.tsp: 52 15
bier127.tsp: 127 116
brd14051.tsp: 14051 1
burma14.tsp: 14 0.23
ch130.tsp: 130 0.660180990393251
ch150.tsp: 150 1.64921692472964
d1291.tsp: 1291 24.9999999999998
d15112.tsp: 15112 12.0415945787923
d1655.tsp: 1655 25.3999999999996
d18512.tsp: 18512 1
d198.tsp: 198 22.9368698823532
d2103.tsp: 2103 20.0172425673468
d493.tsp: 493 17.9605122421381
d657.tsp: 657 17.9605122421381
dsj1000.tsp: 1000 679.908817415983
eil101.tsp: 101 1.4142135623731
eil51.tsp: 51 2.23606797749979
eil76.tsp: 76 2.23606797749979
fl1400.tsp: 1400 4.17193000900037
fl1577.tsp: 1577 8.35093407949055
fl3795.tsp: 3795 4.17193000900037
fl417.tsp: 417 8.35093407949055
fnl4461.tsp: 4461 10
gil262.tsp: 262 1
gr137.tsp: 137 0.728010988928053
gr202.tsp: 202 0.0399999999999991
gr229.tsp: 229 0.371214223865416
gr431.tsp: 431 0.0399999999999991
gr666.tsp: 666 0.0223606797749974
gr96.tsp: 96 0.0223606797749974
kroA100.tsp: 100 13.0384048104053
kroA150.tsp: 150 13.0384048104053
kroA200.tsp: 200 10.295630140987
kroB100.tsp: 100 26
kroB150.tsp: 150 8.06225774829855
kroB200.tsp: 200 5
kroC100.tsp: 100 17.7200451466693
kroD100.tsp: 100 11.6619037896906
kroE100.tsp: 100 22.1359436211787
lin105.tsp: 105 31
lin318.tsp: 318 31
linhp318.tsp: 318 31
nrw1379.tsp: 1379 2.82842712474619
p654.tsp: 654 15
pcb1173.tsp: 1173 1
pcb3038.tsp: 3038 1
pcb442.tsp: 442 50
pla33810.tsp: 33810 930.38970329642
pla7397.tsp: 7397 930.38970329642
pla85900.tsp: 85900 728.010988928052
pr1002.tsp: 1002 100
pr107.tsp: 107 200
pr124.tsp: 124 150
pr136.tsp: 136 170
pr144.tsp: 144 100
pr152.tsp: 152 75.2396172239067
pr226.tsp: 226 100
pr2392.tsp: 2392 1
pr264.tsp: 264 100
pr299.tsp: 299 1
pr439.tsp: 439 90.1387818865997
pr76.tsp: 76 300
rat195.tsp: 195 6.32455532033676
rat575.tsp: 575 2
rat783.tsp: 783 1
rat99.tsp: 99 4.12310562561766
rd100.tsp: 100 4.79666436182472
rd400.tsp: 400 1.17397712499013
rl11849.tsp: 11849 9
rl1304.tsp: 1304 32
rl1323.tsp: 1323 48
rl1889.tsp: 1889 32
rl5915.tsp: 5915 32
rl5934.tsp: 5934 9
st70.tsp: 70 1
sw24978.tsp: 24978 0.277699999998731
ts225.tsp: 225 500
tsp225.tsp: 225 6.5
u1060.tsp: 1060 70.682399506525
u1432.tsp: 1432 100
u159.tsp: 159 100
u1817.tsp: 1817 25.3899999999999
u2152.tsp: 2152 25.3899999999999
u2319.tsp: 2319 100
u574.tsp: 574 2.94159820505774
u724.tsp: 724 3.31999999999994
ulysses16.tsp: 16 0.388329756778952
ulysses22.tsp: 22 0.0894427190999913
usa13509.tsp: 13509 2.77700000000186
vm1084.tsp: 1084 22
vm1748.tsp: 1748 22
